   8      16 sdb 3735736 15961 747765872 11380884 531647 4391714 39386608 802929 0 8945456 12191118 0 0 0 0 40 7304
   8      17 sdb1 3690423 10729 741163000 11253031 531621 4391705 39386328 802843 0 9328900 12055874 0 0 0 0 0 0
   8      18 sdb2 2 0 4 0 0 0 0 0 0 0 0 0 0 0 0 0 0
   8      21 sdb5 44804 5232 6581156 117637 26 9 280 86 0 95664 117723 0 0 0 0 0 0
   8      22 sdb6 405 0 18840 9995 0 0 0 0 0 9972 9995 0 0 0 0 0 0
   8       0 sda 2262834 4626 530467632 4925730 733030 37702078 307480584 1854688 0 4850612 6786117 0 0 0 0 35 5697
   8       1 sda1 351 0 16328 8989 0 0 0 0 0 8984 8989 0 0 0 0 0 0
   8       2 sda2 2262370 4626 530444216 4898714 733030 37702078 307480584 1854688 0 5227708 6753402 0 0 0 0 0 0
   8      32 sdc 6534586 296668 161806974 1407093 7228434 11584143 683671624 15606752 0 3917084 17512652 18962 0 257897824 227052 1935386 271754
   8      33 sdc1 6518012 268189 161434970 1391224 7225428 11491956 682779976 15569309 0 4136040 17187586 18962 0 257897824 227052 0 0
   8      34 sdc2 2 0 4 0 0 0 0 0 0 0 0 0 0 0 0 0 0
   8      37 sdc5 16403 28479 366656 15838 2949 92187 891648 37394 0 13512 53232 0 0 0 0 0 0
